1 2
1 148
1 149
2 3
2 147
3 150
3 151
4 13
5 6
5 7
5 152
6 153
6 154
6 155
7 8
7 12
8 9
8 156
9 10
9 157
10 11
10 158
11 12
11 159
12 160
13 14
13 146
14 161
14 162
15 24
16 17
16 163
16 164
17 18
17 165
17 166
18 19
18 167
18 168
19 20
19 169
19 170
20 21
20 22
20 23
24 25
24 145
25 171
25 172
26 35
27 28
27 29
27 173
28 174
28 175
28 176
29 30
29 34
30 31
30 177
31 32
31 178
32 33
32 179
33 34
33 180
34 181
35 36
35 144
36 182
36 183
37 46
38 39
38 45
38 184
39 40
39 44
40 41
40 185
41 42
41 186
42 43
42 187
43 44
43 188
44 189
45 190
45 191
45 192
46 47
46 143
47 193
47 194
48 58
49 50
49 195
49 196
50 51
50 57
51 52
51 197
52 53
52 198
53 54
53 56
54 55
55 199
55 200
55 201
56 57
56 202
57 203
58 59
58 142
59 204
59 205
60 69
61 62
61 68
61 206
62 63
62 67
63 64
63 207
64 65
64 208
65 66
65 209
66 67
66 210
67 211
68 212
68 213
68 214
69 70
69 141
70 215
70 216
71 80
72 73
72 74
72 217
73 218
73 219
73 220
74 75
74 79
75 76
75 221
76 77
76 222
77 78
77 223
78 79
78 224
79 225
80 81
80 140
81 226
81 227
82 91
83 84
83 228
83 229
84 85
84 230
84 231
85 86
85 232
85 233
86 87
86 234
86 235
87 88
87 89
87 90
91 92
91 139
92 236
92 237
93 102
94 95
94 101
94 238
95 96
95 100
96 97
96 239
97 98
97 240
98 99
98 241
99 100
99 242
100 243
101 244
101 245
101 246
102 103
102 138
103 247
103 248
104 113
105 106
105 112
105 249
106 107
106 111
107 108
107 250
108 109
108 251
109 110
109 252
110 111
110 253
111 254
112 255
112 256
112 257
113 114
113 137
114 258
114 259
115 125
116 117
116 260
116 261
117 118
117 124
118 119
118 262
119 120
119 263
120 121
120 123
121 122
122 264
122 265
122 266
123 124
123 267
124 268
125 126
125 136
126 269
126 270
127 271
128 129
128 135
128 272
129 130
129 134
130 131
130 273
131 132
131 274
132 133
132 275
133 134
133 276
134 277
135 278
135 279
135 280
